Test_loss : 0.0113101318359375
Test_MAE  : 0.07985568791627884
Test_MMax : 0.47227412462234497

Train_loss: 0.0039030181884765623
Train_MAE  : 0.029264990240335464
Train_MMax: 0.2959917187690735
num_paras : 1903939
