Test_loss : 0.0033135746002197265
Test_MAE  : 0.043685220181941986
Test_MMax : 0.31652870774269104

Train_loss: 0.00161852294921875
Train_MAE  : 0.022015688940882683
Train_MMax: 0.19604063034057617
num_paras : 1903939
