Test_loss : 0.011557573699951171
Test_MAE  : 0.13526998460292816
Test_MMax : 1.2084639072418213

Train_loss: 0.0041272555541992184
Train_MAE  : 0.05875924602150917
Train_MMax: 0.47787827253341675
num_paras : 847171
