Test_Loss : 0.0011502042770385743
Test_MAE : 0.011790188029408455
Test_MMax : 0.108616903424263

