Test_loss : 0.009055563354492188
Test_MAE  : 0.07014448195695877
Test_MMax : 0.6058447957038879

Train_loss: 0.006814342041015625
Train_MAE  : 0.05528121069073677
Train_MMax: 0.4641413390636444
num_paras : 847171
