Test_loss : 0.001530819034576416
Test_MAE  : 0.01786070317029953
Test_MMax : 0.1740022897720337

Train_loss: 0.0008106260681152344
Train_MAE  : 0.011084948666393757
Train_MMax: 0.10424742102622986
num_paras : 847171
