Test_loss : 0.005568166732788086
Test_MAE  : 0.08203667402267456
Test_MMax : 0.7530035376548767


Train_loss: 0.001640709228515625
Train_MAE  : 0.02937864512205124
Train_MMax: 0.28461676836013794
num_paras : 1903939
